0.000000 0.000000 0.000000 0.000000 0.000000 0.000000 0.000000 0.000000 0.000000 0.000000 0.000000 0.000000 0.000000 0.000000 0.000000 0.000000 0.000000 0.0000000.000000 0.000000 0.000000 0.000000 0.000000 0.000000 0.000000 0.000000 0.000000 0.000000 0.000000 0.000000 0 0 0 0 0 0 0 0 0.000000 0.000000 3.000000 0.000000 0.000000 0.000000 

0.000000 0.000000 0.000000 0.000000 0.000000 0.000000 0.000000 0.000000 0.000000 0.000000 0.000000 72.000000 0.000000 0.082000 0.000000 0.000000 0.000000 0.0000000.000000 0.000000 0.000000 0.000000 0.000000 0.000000 0.000000 0.000000 0.000000 0.000000 -48.000000 0.000000 0 0 0 0 0 0 0 0 0.000000 0.000000 3.000000 0.000000 0.000000 0.000000 

0.000000 0.000000 0.000000 0.000000 0.000000 0.000000 0.000000 0.000000 0.000000 0.000000 0.000000 240.000000 0.000000 0.123000 0.000000 0.000000 0.000000 0.0000000.000000 0.000000 0.000000 0.000000 0.000000 0.000000 0.000000 0.000000 0.000000 0.000000 -160.000000 0.000000 0 0 0 0 0 0 0 0 0.000000 0.000000 3.000000 0.000000 0.000000 0.000000 

0.000000 0.000000 0.000000 0.000000 0.000000 0.000000 0.000000 0.000000 0.000000 0.000000 0.000000 348.000000 0.000000 0.123000 0.000000 0.000000 0.000000 0.0000000.000000 0.000000 0.000000 0.000000 0.000000 0.000000 0.000000 0.000000 0.000000 0.000000 -232.000000 0.000000 0 0 0 0 0 0 0 0 0.000000 0.000000 3.000000 0.000000 0.000000 0.000000 

0.000000 0.000000 0.000000 0.000000 0.000000 0.000000 0.000000 0.000000 0.000000 0.000000 0.000000 432.000000 0.000000 0.041000 0.000000 0.000000 0.000000 0.0000000.000000 0.000000 0.000000 0.000000 0.000000 0.000000 0.000000 0.000000 0.000000 0.000000 -288.000000 0.000000 0 0 0 0 0 0 0 0 0.000000 0.000000 3.000000 0.000000 0.000000 0.000000 

0.000000 0.000000 0.000000 0.000000 0.000000 0.000000 0.000000 0.000000 0.000000 0.000000 0.000000 492.000000 0.000000 0.123000 0.000000 0.000000 0.000000 0.0000000.000000 0.000000 0.000000 0.000000 0.000000 0.000000 0.000000 0.000000 0.000000 0.000000 -328.000000 0.000000 0 0 0 0 0 0 0 0 0.000000 0.000000 3.000000 0.000000 0.000000 0.000000 

0.000000 0.000000 0.000000 0.000000 0.000000 0.000000 0.000000 0.000000 0.000000 0.000000 0.000000 540.000000 0.000000 0.041000 0.000000 0.000000 0.000000 0.0000000.000000 0.000000 0.000000 0.000000 0.000000 0.000000 0.000000 0.000000 0.000000 0.000000 -360.000000 0.000000 0 0 0 0 0 0 0 0 0.000000 0.000000 3.000000 0.000000 0.000000 0.000000 

-63.000000 0.000000 -63.000000 0.000000 0.000000 0.000000 0.000000 0.000000 0.000000 0.000000 0.000000 540.000000 0.000000 0.041000 0.000000 0.000000 0.000000 0.0000000.000000 0.000000 0.000000 0.000000 0.000000 0.000000 0.000000 0.000000 0.000000 0.000000 -360.000000 0.000000 0 0 0 0 0 0 0 0 0.000000 0.000000 3.000000 0.000000 0.000000 0.000000 

-63.000000 18.000000 -63.000000 -18.000000 0.000000 0.000000 0.000000 0.000000 0.000000 0.000000 0.000000 540.000000 0.000000 0.041000 0.000000 0.000000 0.000000 0.0000000.000000 0.000000 0.000000 0.000000 0.000000 0.000000 0.000000 0.000000 0.000000 0.000000 -360.000000 0.000000 0 0 0 0 0 0 0 0 0.000000 0.000000 3.000000 0.000000 0.000000 0.000000 

-63.000000 -15.000000 -63.000000 12.000000 0.000000 0.000000 0.000000 0.000000 0.000000 0.000000 0.000000 540.000000 0.000000 0.041000 0.000000 0.000000 0.000000 0.0000000.000000 0.000000 0.000000 0.000000 0.000000 0.000000 0.000000 0.000000 0.000000 0.000000 -360.000000 0.000000 0 0 0 0 0 0 0 0 0.000000 0.000000 3.000000 0.000000 0.000000 0.000000 

-63.000000 18.000000 -63.000000 -18.000000 0.000000 0.000000 0.000000 0.000000 0.000000 0.000000 0.000000 540.000000 0.000000 0.041000 0.000000 0.000000 0.000000 0.0000000.000000 0.000000 0.000000 0.000000 0.000000 0.000000 0.000000 0.000000 0.000000 0.000000 -360.000000 0.000000 0 0 0 0 0 0 0 0 0.000000 0.000000 3.000000 0.000000 0.000000 0.000000 

-63.000000 -12.000000 -63.000000 6.000000 0.000000 0.000000 0.000000 0.000000 0.000000 0.000000 0.000000 540.000000 0.000000 0.041000 0.000000 0.000000 0.000000 0.0000000.000000 0.000000 0.000000 0.000000 0.000000 0.000000 0.000000 0.000000 0.000000 0.000000 -360.000000 0.000000 0 0 0 0 0 0 0 0 0.000000 0.000000 3.000000 0.000000 0.000000 0.000000 

-63.000000 18.000000 -63.000000 -18.000000 0.000000 0.000000 0.000000 0.000000 0.000000 0.000000 0.000000 540.000000 0.000000 0.041000 0.000000 0.000000 0.000000 0.0000000.000000 0.000000 0.000000 0.000000 0.000000 0.000000 0.000000 0.000000 0.000000 0.000000 -360.000000 0.000000 0 0 0 0 0 0 0 0 0.000000 0.000000 3.000000 0.000000 0.000000 0.000000 

-63.000000 -12.000000 -63.000000 9.000000 0.000000 0.000000 0.000000 0.000000 0.000000 0.000000 0.000000 540.000000 0.000000 0.041000 0.000000 0.000000 0.000000 0.0000000.000000 0.000000 0.000000 0.000000 0.000000 0.000000 0.000000 0.000000 0.000000 0.000000 -360.000000 0.000000 0 0 0 0 0 0 0 0 0.000000 0.000000 3.000000 0.000000 0.000000 0.000000 

-63.000000 18.000000 -63.000000 -18.000000 0.000000 0.000000 0.000000 0.000000 0.000000 0.000000 0.000000 540.000000 0.000000 0.041000 0.000000 0.000000 0.000000 0.0000000.000000 0.000000 0.000000 0.000000 0.000000 0.000000 0.000000 0.000000 0.000000 0.000000 -360.000000 0.000000 0 0 0 0 0 0 0 0 0.000000 0.000000 3.000000 0.000000 0.000000 0.000000 

42.000000 18.000000 42.000000 -18.000000 0.000000 0.000000 0.000000 0.000000 0.000000 0.000000 0.000000 540.000000 0.000000 0.041000 0.000000 0.000000 0.000000 0.0000000.000000 0.000000 0.000000 0.000000 0.000000 0.000000 0.000000 0.000000 0.000000 0.000000 -360.000000 0.000000 0 0 0 0 0 0 0 0 0.000000 0.000000 3.000000 0.000000 0.000000 0.000000 

42.000000 18.000000 42.000000 -18.000000 0.000000 0.000000 0.000000 0.000000 0.000000 0.000000 0.000000 594.000000 0.000000 0.041000 0.000000 0.000000 0.000000 0.0000000.000000 0.000000 0.000000 0.000000 0.000000 0.000000 0.000000 0.000000 0.000000 0.000000 -396.000000 0.000000 0 0 0 0 0 0 0 0 0.000000 0.000000 3.000000 0.000000 0.000000 0.000000 

42.000000 18.000000 42.000000 -18.000000 0.000000 0.000000 0.000000 0.000000 0.000000 0.000000 0.000000 651.000000 0.000000 0.082000 0.000000 0.000000 0.000000 0.0000000.000000 0.000000 0.000000 0.000000 0.000000 0.000000 0.000000 0.000000 0.000000 0.000000 -434.000000 0.000000 0 0 0 0 0 0 0 0 0.000000 0.000000 3.000000 0.000000 0.000000 0.000000 

42.000000 18.000000 42.000000 -18.000000 0.000000 0.000000 0.000000 0.000000 0.000000 0.000000 0.000000 708.000000 0.000000 0.123000 0.000000 0.000000 0.000000 0.0000000.000000 0.000000 0.000000 0.000000 0.000000 0.000000 0.000000 0.000000 0.000000 0.000000 -472.000000 0.000000 0 0 0 0 0 0 0 0 0.000000 0.000000 3.000000 0.000000 0.000000 0.000000 

42.000000 18.000000 42.000000 -18.000000 0.000000 0.000000 0.000000 0.000000 0.000000 0.000000 0.000000 768.000000 0.000000 0.082000 0.000000 0.000000 0.000000 0.0000000.000000 0.000000 0.000000 0.000000 0.000000 0.000000 0.000000 0.000000 0.000000 0.000000 -512.000000 0.000000 0 0 0 0 0 0 0 0 0.000000 0.000000 3.000000 0.000000 0.000000 0.000000 

42.000000 18.000000 42.000000 -18.000000 0.000000 0.000000 0.000000 0.000000 0.000000 0.000000 0.000000 822.000000 0.000000 0.082000 0.000000 0.000000 0.000000 0.0000000.000000 0.000000 0.000000 0.000000 0.000000 0.000000 0.000000 0.000000 0.000000 0.000000 -548.000000 0.000000 0 0 0 0 0 0 0 0 0.000000 0.000000 3.000000 0.000000 0.000000 0.000000 

42.000000 18.000000 42.000000 -18.000000 0.000000 0.000000 0.000000 0.000000 0.000000 0.000000 0.000000 879.000000 0.000000 0.123000 0.000000 0.000000 0.000000 0.0000000.000000 0.000000 0.000000 0.000000 0.000000 0.000000 0.000000 0.000000 0.000000 0.000000 -586.000000 0.000000 0 0 0 0 0 0 0 0 0.000000 0.000000 3.000000 0.000000 0.000000 0.000000 

42.000000 18.000000 42.000000 -18.000000 0.000000 0.000000 0.000000 0.000000 0.000000 0.000000 0.000000 945.000000 0.000000 0.164000 0.000000 0.000000 0.000000 0.0000000.000000 0.000000 0.000000 0.000000 0.000000 0.000000 0.000000 0.000000 0.000000 0.000000 -630.000000 0.000000 0 0 0 0 0 0 0 0 0.000000 0.000000 3.000000 0.000000 0.000000 0.000000 

42.000000 18.000000 42.000000 -18.000000 0.000000 0.000000 0.000000 0.000000 0.000000 0.000000 0.000000 1020.000000 0.000000 0.082000 0.000000 0.000000 0.000000 0.0000000.000000 0.000000 0.000000 0.000000 0.000000 0.000000 0.000000 0.000000 0.000000 0.000000 -680.000000 0.000000 0 0 0 0 0 0 0 0 0.000000 0.000000 3.000000 0.000000 0.000000 0.000000 

42.000000 18.000000 42.000000 -18.000000 0.000000 0.000000 0.000000 0.000000 0.000000 0.000000 0.000000 1086.000000 0.000000 0.123000 0.000000 0.000000 0.000000 0.0000000.000000 0.000000 0.000000 0.000000 0.000000 0.000000 0.000000 0.000000 0.000000 0.000000 -724.000000 0.000000 0 0 0 0 0 0 0 0 0.000000 0.000000 3.000000 0.000000 0.000000 0.000000 

42.000000 18.000000 42.000000 -18.000000 0.000000 0.000000 0.000000 0.000000 0.000000 0.000000 0.000000 1086.000000 0.000000 0.123000 0.000000 0.000000 0.000000 0.0000000.000000 0.000000 0.000000 0.000000 0.000000 0.000000 0.000000 0.000000 0.000000 0.000000 -724.000000 0.000000 0 0 0 0 1 0 0 0 0.000000 -5.000000 -20.000000 0.000000 -5.000000 -19.900000 

42.000000 18.000000 42.000000 -18.000000 0.000000 0.000000 0.000000 0.000000 0.000000 0.000000 0.000000 1119.000000 0.000000 0.082000 0.000000 0.000000 0.000000 0.0000000.000000 0.000000 0.000000 0.000000 0.000000 0.000000 0.000000 0.000000 0.000000 0.000000 -746.000000 0.000000 0 0 0 0 1 0 0 0 0.000000 -5.000000 -20.000000 0.000000 -5.000000 -19.900000 

42.000000 18.000000 42.000000 -18.000000 0.000000 0.000000 0.000000 0.000000 0.000000 0.000000 0.000000 1164.000000 0.000000 0.082000 0.000000 0.000000 0.000000 0.0000000.000000 0.000000 0.000000 0.000000 0.000000 0.000000 0.000000 0.000000 0.000000 0.000000 -776.000000 0.000000 0 0 0 0 1 0 0 0 0.000000 -5.000000 -20.000000 0.000000 -5.000000 -19.900000 

42.000000 18.000000 42.000000 -18.000000 0.000000 0.000000 0.000000 0.000000 0.000000 0.000000 0.000000 1215.000000 0.000000 0.041000 0.000000 0.000000 0.000000 0.0000000.000000 0.000000 0.000000 0.000000 0.000000 0.000000 0.000000 0.000000 0.000000 0.000000 -810.000000 0.000000 0 0 0 0 1 0 0 0 0.000000 -5.000000 -20.000000 0.000000 -5.000000 -19.900000 

42.000000 18.000000 42.000000 -18.000000 0.000000 0.000000 0.000000 0.000000 0.000000 0.000000 0.000000 1272.000000 0.000000 0.082000 0.000000 0.000000 0.000000 0.0000000.000000 0.000000 0.000000 0.000000 0.000000 0.000000 0.000000 0.000000 0.000000 0.000000 -848.000000 0.000000 0 0 0 0 1 0 0 0 0.000000 -5.000000 -20.000000 0.000000 -5.000000 -19.900000 

42.000000 18.000000 42.000000 -18.000000 0.000000 0.000000 0.000000 0.000000 0.000000 0.000000 0.000000 1344.000000 0.000000 0.082000 0.000000 0.000000 0.000000 0.0000000.000000 0.000000 0.000000 0.000000 0.000000 0.000000 0.000000 0.000000 0.000000 0.000000 -896.000000 0.000000 0 0 0 0 1 0 0 0 0.000000 -5.000000 -20.000000 0.000000 -5.000000 -19.900000 

42.000000 18.000000 42.000000 -18.000000 0.000000 0.000000 0.000000 0.000000 0.000000 0.000000 0.000000 1425.000000 0.000000 0.082000 0.000000 0.000000 0.000000 0.0000000.000000 0.000000 0.000000 0.000000 0.000000 0.000000 0.000000 0.000000 0.000000 0.000000 -950.000000 0.000000 0 0 0 0 1 0 0 0 0.000000 -5.000000 -20.000000 0.000000 -5.000000 -19.900000 

42.000000 18.000000 42.000000 -18.000000 0.000000 0.000000 0.000000 0.000000 0.000000 0.000000 0.000000 1494.000000 0.000000 0.041000 0.000000 0.000000 0.000000 0.0000000.000000 0.000000 0.000000 0.000000 0.000000 0.000000 0.000000 0.000000 0.000000 0.000000 -996.000000 0.000000 0 0 0 0 1 0 0 0 0.000000 -5.000000 -20.000000 0.000000 -5.000000 -19.900000 

42.000000 18.000000 42.000000 -18.000000 0.000000 0.000000 0.000000 0.000000 0.000000 0.000000 0.000000 1566.000000 0.000000 0.041000 0.000000 0.000000 0.000000 0.0000000.000000 0.000000 0.000000 0.000000 0.000000 0.000000 0.000000 0.000000 0.000000 0.000000 -1044.000000 0.000000 0 0 0 0 1 0 0 0 0.000000 -5.000000 -20.000000 0.000000 -5.000000 -19.900000 

42.000000 18.000000 42.000000 -18.000000 0.000000 0.000000 0.000000 0.000000 0.000000 0.000000 0.000000 1620.000000 0.000000 0.041000 0.000000 0.000000 0.000000 0.0000000.000000 0.000000 0.000000 0.000000 0.000000 0.000000 0.000000 0.000000 0.000000 0.000000 -1080.000000 0.000000 0 0 0 0 1 0 0 0 0.000000 -5.000000 -20.000000 0.000000 -5.000000 -19.900000 

42.000000 18.000000 42.000000 -18.000000 0.000000 0.000000 0.000000 0.000000 0.000000 0.000000 0.000000 1620.000000 0.000000 0.041000 0.000000 0.000000 0.000000 0.0000000.000000 0.000000 0.000000 0.000000 0.000000 0.000000 0.000000 0.000000 0.000000 0.000000 -1080.000000 0.000000 0 0 0 0 0 0 0 0 0.000000 0.000000 3.000000 0.000000 0.000000 0.000000 

42.000000 18.000000 42.000000 -18.000000 0.000000 0.000000 0.000000 0.000000 0.000000 0.000000 0.000000 1722.000000 0.000000 0.082000 0.000000 0.000000 0.000000 0.0000000.000000 0.000000 0.000000 0.000000 0.000000 0.000000 0.000000 0.000000 0.000000 0.000000 -1012.000000 0.000000 0 0 0 0 0 0 0 0 0.000000 0.000000 3.000000 0.000000 0.000000 0.000000 

42.000000 18.000000 42.000000 -18.000000 0.000000 0.000000 0.000000 0.000000 0.000000 0.000000 0.000000 1527.000000 0.000000 0.140000 0.000000 0.000000 0.000000 0.0000000.000000 0.000000 0.000000 0.000000 0.000000 0.000000 3.899998 0.000000 0.000000 0.000000 -1012.000000 0.000000 0 0 0 1 0 0 0 0 0.000000 0.000000 3.000000 0.000000 0.000000 0.000000 

42.000000 18.000000 42.000000 -18.000000 0.000000 0.000000 0.000000 0.000000 0.000000 0.000000 0.000000 1367.000000 0.000000 0.140000 0.000000 0.000000 0.000000 0.0000000.000000 0.000000 0.000000 0.000000 0.000000 0.000000 7.099996 0.000000 0.000000 0.000000 -1012.000000 0.000000 0 0 0 1 0 0 0 0 0.000000 0.000000 3.000000 0.000000 0.000000 0.000000 

42.000000 18.000000 42.000000 -18.000000 0.000000 0.000000 0.000000 0.000000 0.000000 0.000000 0.000000 1367.000000 0.000000 0.140000 0.000000 0.000000 0.000000 0.0000000.000000 0.000000 0.000000 0.000000 0.000000 0.000000 7.099996 0.000000 0.000000 0.000000 -1012.000000 0.000000 0 0 0 1 1 0 0 0 5.679996 -5.000000 -20.000000 5.679996 -5.000000 -19.900000 

42.000000 18.000000 42.000000 -18.000000 0.000000 0.000000 0.000000 0.000000 0.000000 0.000000 0.000000 1367.000000 0.000000 0.140000 0.000000 0.000000 0.000000 0.0000000.000000 0.000000 0.000000 0.000000 0.000000 0.000000 7.099996 0.000000 0.000000 0.000000 -1012.000000 0.000000 0 0 0 1 0 0 0 0 0.000000 0.000000 3.000000 0.000000 0.000000 0.000000 

42.000000 18.000000 42.000000 -18.000000 0.000000 0.000000 0.000000 0.000000 0.000000 0.000000 0.000000 1207.000000 0.000000 0.017000 0.000000 0.000000 0.000000 0.0000000.000000 0.000000 0.000000 0.000000 0.000000 0.000000 10.300003 0.000000 0.000000 0.000000 -1012.000000 0.000000 0 0 0 1 0 0 0 0 0.000000 0.000000 3.000000 0.000000 0.000000 0.000000 

42.000000 18.000000 42.000000 -18.000000 0.000000 0.000000 0.000000 0.000000 0.000000 0.000000 0.000000 1222.000000 0.000000 0.082000 0.000000 0.000000 0.000000 0.0000000.000000 0.000000 0.000000 0.000000 0.000000 0.000000 10.000002 0.000000 0.000000 0.000000 -1012.000000 0.000000 0 0 0 0 0 0 0 0 0.000000 0.000000 3.000000 0.000000 0.000000 0.000000 

42.000000 18.000000 42.000000 -18.000000 0.000000 0.000000 0.000000 0.000000 0.000000 0.000000 0.000000 1242.000000 0.000000 0.123000 0.000000 0.000000 0.000000 0.0000000.000000 0.000000 0.000000 0.000000 0.000000 0.000000 9.600000 0.000000 0.000000 0.000000 -1012.000000 0.000000 0 0 0 0 0 0 0 0 0.000000 0.000000 3.000000 0.000000 0.000000 0.000000 

42.000000 18.000000 42.000000 -18.000000 0.000000 0.000000 0.000000 0.000000 0.000000 0.000000 0.000000 1187.000000 0.000000 0.041000 0.000000 0.000000 0.000000 0.0000000.000000 0.000000 0.000000 0.000000 0.000000 0.000000 10.700005 0.000000 0.000000 0.000000 -1012.000000 0.000000 0 0 0 0 0 0 0 0 0.000000 0.000000 3.000000 0.000000 0.000000 0.000000 

42.000000 18.000000 42.000000 -18.000000 0.000000 0.000000 0.000000 0.000000 0.000000 0.000000 0.000000 1192.000000 0.000000 0.058000 0.000000 0.000000 0.000000 0.0000000.000000 0.000000 0.000000 0.000000 0.000000 0.000000 10.600004 0.000000 0.000000 0.000000 -1012.000000 0.000000 0 0 0 1 0 0 0 0 0.000000 0.000000 3.000000 0.000000 0.000000 0.000000 

42.000000 18.000000 42.000000 -18.000000 0.000000 0.000000 0.000000 0.000000 0.000000 0.000000 0.000000 1262.000000 0.000000 0.041000 0.000000 0.000000 0.000000 0.0000000.000000 0.000000 0.000000 0.000000 0.000000 0.000000 9.199999 0.000000 0.000000 0.000000 -1012.000000 0.000000 0 0 0 0 0 0 0 0 0.000000 0.000000 3.000000 0.000000 0.000000 0.000000 

42.000000 18.000000 42.000000 -18.000000 0.000000 0.000000 0.000000 0.000000 0.000000 0.000000 0.000000 1187.000000 0.000000 0.140000 0.000000 0.000000 0.000000 0.0000000.000000 0.000000 0.000000 0.000000 0.000000 0.000000 10.700005 0.000000 0.000000 0.000000 -1012.000000 0.000000 0 0 0 1 0 0 0 0 0.000000 0.000000 3.000000 0.000000 0.000000 0.000000 

42.000000 18.000000 42.000000 -18.000000 0.000000 0.000000 0.000000 0.000000 0.000000 0.000000 0.000000 1282.000000 0.000000 0.041000 0.000000 0.000000 0.000000 0.0000000.000000 0.000000 0.000000 0.000000 0.000000 0.000000 8.799997 0.000000 0.000000 0.000000 -1012.000000 0.000000 0 0 0 0 0 0 0 0 0.000000 0.000000 3.000000 0.000000 0.000000 0.000000 

42.000000 18.000000 42.000000 -18.000000 0.000000 0.000000 0.000000 0.000000 0.000000 0.000000 0.000000 1282.000000 0.000000 0.041000 0.000000 0.000000 0.000000 0.0000000.000000 0.000000 0.000000 0.000000 0.000000 0.000000 8.799997 0.000000 0.000000 0.000000 -1012.000000 0.000000 0 0 0 0 0 1 0 0 0.000000 0.000000 3.000000 0.000000 0.000000 0.000000 

42.000000 18.000000 42.000000 -18.000000 0.000000 0.000000 0.000000 0.000000 0.000000 0.000000 0.000000 1282.000000 0.000000 0.041000 0.000000 0.000000 0.000000 0.0000000.000000 0.000000 0.000000 0.000000 0.000000 0.000000 8.799997 0.000000 0.000000 0.000000 -1012.000000 0.000000 0 0 0 0 1 1 0 0 7.039998 -5.000000 -20.000000 7.039998 -5.000000 -19.900000 

42.000000 18.000000 42.000000 -18.000000 0.000000 0.000000 0.000000 12.000000 21.000000 0.000000 0.000000 1282.000000 0.000000 0.041000 0.000000 0.000000 0.000000 0.0000000.000000 0.000000 0.000000 0.000000 0.000000 0.000000 8.799997 0.000000 0.000000 0.000000 -1012.000000 0.000000 0 0 0 0 0 1 0 0 0.000000 0.000000 3.000000 0.000000 0.000000 0.000000 

42.000000 18.000000 42.000000 -18.000000 0.000000 0.000000 0.000000 24.000000 21.000000 0.000000 0.000000 1282.000000 0.000000 0.041000 0.000000 0.000000 0.000000 0.0000000.000000 0.000000 0.000000 0.000000 0.000000 0.000000 8.799997 0.000000 0.000000 0.000000 -1012.000000 0.000000 0 0 0 0 0 1 0 0 0.000000 0.000000 3.000000 0.000000 0.000000 0.000000 

42.000000 18.000000 42.000000 -18.000000 0.000000 0.000000 0.000000 3.000000 21.000000 0.000000 0.000000 1282.000000 0.000000 0.041000 0.000000 0.000000 0.000000 0.0000000.000000 0.000000 0.000000 0.000000 0.000000 0.000000 8.799997 0.000000 0.000000 0.000000 -1012.000000 0.000000 0 0 0 0 1 1 0 0 7.039998 -5.000000 -20.000000 7.039998 -5.000000 -19.900000 

42.000000 18.000000 42.000000 -18.000000 0.000000 0.000000 0.000000 3.000000 21.000000 0.000000 0.000000 1522.000000 0.000000 0.123000 0.000000 0.000000 0.000000 0.0000000.000000 0.000000 0.000000 0.000000 0.000000 0.000000 3.999999 0.000000 0.000000 0.000000 -1012.000000 0.000000 0 0 0 0 0 1 0 0 0.000000 0.000000 3.000000 0.000000 0.000000 0.000000 

42.000000 18.000000 42.000000 -18.000000 0.000000 0.000000 0.000000 3.000000 21.000000 0.000000 0.000000 1522.000000 0.000000 0.123000 0.000000 0.000000 0.000000 0.0000000.000000 0.000000 0.000000 0.000000 0.000000 0.000000 3.999999 0.000000 0.000000 0.000000 -1012.000000 0.000000 0 0 0 0 1 1 0 0 3.199999 -5.000000 -20.000000 3.199999 -5.000000 -19.900000 

42.000000 18.000000 42.000000 -18.000000 0.000000 0.000000 0.000000 3.000000 21.000000 0.000000 0.000000 1652.000000 0.000000 0.082000 0.000000 0.000000 0.000000 0.0000000.000000 0.000000 0.000000 0.000000 0.000000 0.000000 1.400000 0.000000 0.000000 0.000000 -1012.000000 0.000000 0 0 0 0 1 1 0 0 1.120000 -5.000000 -20.000000 1.120000 -5.000000 -19.900000 

42.000000 18.000000 42.000000 -18.000000 0.000000 0.000000 0.000000 3.000000 -21.000000 0.000000 -3.000000 1799.000000 0.000000 0.082000 0.000000 0.000000 0.000000 0.0000000.000000 0.000000 0.000000 0.000000 0.000000 0.000000 1.400000 0.000000 0.000000 0.000000 -1110.000000 0.000000 0 0 0 0 0 1 0 0 0.000000 0.000000 3.000000 0.000000 0.000000 0.000000 

42.000000 18.000000 42.000000 -18.000000 0.000000 0.000000 0.000000 3.000000 21.000000 0.000000 -3.000000 1799.000000 0.000000 0.082000 0.000000 0.000000 0.000000 0.0000000.000000 0.000000 0.000000 0.000000 0.000000 0.000000 1.400000 0.000000 0.000000 0.000000 -1110.000000 0.000000 0 0 0 0 0 1 0 0 0.000000 0.000000 3.000000 0.000000 0.000000 0.000000 

42.000000 18.000000 42.000000 -18.000000 0.000000 0.000000 0.000000 3.000000 -21.000000 0.000000 -3.000000 1799.000000 0.000000 0.082000 0.000000 0.000000 0.000000 0.0000000.000000 0.000000 0.000000 0.000000 0.000000 0.000000 1.400000 0.000000 0.000000 0.000000 -1110.000000 0.000000 0 0 0 0 1 1 0 0 1.120000 -5.000000 -20.000000 1.120000 -5.000000 -19.900000 

42.000000 18.000000 42.000000 -18.000000 0.000000 0.000000 0.000000 3.000000 21.000000 0.000000 -3.000000 1799.000000 0.000000 0.082000 0.000000 0.000000 0.000000 0.0000000.000000 0.000000 0.000000 0.000000 0.000000 0.000000 1.400000 0.000000 0.000000 0.000000 -1110.000000 0.000000 0 0 0 0 1 1 0 0 1.120000 -5.000000 -20.000000 1.120000 -5.000000 -19.900000 

42.000000 18.000000 42.000000 -18.000000 0.000000 0.000000 0.000000 3.000000 21.000000 0.000000 -3.000000 1883.000000 0.000000 0.123000 0.000000 0.000000 0.000000 0.0000000.000000 0.000000 0.000000 0.000000 0.000000 0.000000 1.400000 0.000000 0.000000 0.000000 -1166.000000 0.000000 0 0 0 0 1 1 0 0 1.120000 -5.000000 -20.000000 1.120000 -5.000000 -19.900000 

42.000000 18.000000 42.000000 -18.000000 0.000000 0.000000 0.000000 3.000000 21.000000 0.000000 -3.000000 1928.000000 0.000000 0.123000 0.000000 0.000000 0.000000 0.0000000.000000 0.000000 0.000000 0.000000 0.000000 0.000000 1.400000 0.000000 0.000000 0.000000 -1196.000000 0.000000 0 0 0 0 1 1 0 0 1.120000 -5.000000 -20.000000 1.120000 -5.000000 -19.900000 

42.000000 18.000000 42.000000 -18.000000 0.000000 0.000000 0.000000 3.000000 21.000000 0.000000 -3.000000 2042.000000 0.000000 0.082000 0.000000 0.000000 0.000000 0.0000000.000000 0.000000 0.000000 0.000000 0.000000 0.000000 1.400000 0.000000 0.000000 0.000000 -1272.000000 0.000000 0 0 0 0 1 1 0 0 1.120000 -5.000000 -20.000000 1.120000 -5.000000 -19.900000 

42.000000 18.000000 42.000000 -18.000000 0.000000 0.000000 0.000000 3.000000 21.000000 0.000000 -3.000000 2144.000000 0.000000 0.082000 0.000000 0.000000 0.000000 0.0000000.000000 0.000000 0.000000 0.000000 0.000000 0.000000 1.400000 0.000000 0.000000 0.000000 -1340.000000 0.000000 0 0 0 0 1 1 0 0 1.120000 -5.000000 -20.000000 1.120000 -5.000000 -19.900000 

42.000000 18.000000 42.000000 -18.000000 0.000000 0.000000 0.000000 3.000000 21.000000 0.000000 -3.000000 2198.000000 0.000000 0.082000 0.000000 0.000000 0.000000 0.0000000.000000 0.000000 0.000000 0.000000 0.000000 0.000000 1.400000 0.000000 0.000000 0.000000 -1376.000000 0.000000 0 0 0 0 1 1 0 0 1.120000 -5.000000 -20.000000 1.120000 -5.000000 -19.900000 

42.000000 18.000000 42.000000 -18.000000 0.000000 0.000000 0.000000 3.000000 21.000000 0.000000 -3.000000 2252.000000 0.000000 0.082000 0.000000 0.000000 0.000000 0.0000000.000000 0.000000 0.000000 0.000000 0.000000 0.000000 1.400000 0.000000 0.000000 0.000000 -1412.000000 0.000000 0 0 0 0 1 1 0 0 1.120000 -5.000000 -20.000000 1.120000 -5.000000 -19.900000 

42.000000 18.000000 42.000000 -18.000000 0.000000 0.000000 0.000000 3.000000 21.000000 0.000000 -3.000000 2303.000000 0.000000 0.041000 0.000000 0.000000 0.000000 0.0000000.000000 0.000000 0.000000 0.000000 0.000000 0.000000 1.400000 0.000000 0.000000 0.000000 -1446.000000 0.000000 0 0 0 0 1 1 0 0 1.120000 -5.000000 -20.000000 1.120000 -5.000000 -19.900000 

42.000000 18.000000 42.000000 -18.000000 0.000000 0.000000 0.000000 3.000000 21.000000 0.000000 -3.000000 2366.000000 0.000000 0.041000 0.000000 0.000000 0.000000 0.0000000.000000 0.000000 0.000000 0.000000 0.000000 0.000000 1.400000 0.000000 0.000000 0.000000 -1488.000000 0.000000 0 0 0 0 1 1 0 0 1.120000 -5.000000 -20.000000 1.120000 -5.000000 -19.900000 

42.000000 18.000000 42.000000 -18.000000 0.000000 0.000000 0.000000 3.000000 21.000000 0.000000 -3.000000 2408.000000 0.000000 0.123000 0.000000 0.000000 0.000000 0.0000000.000000 0.000000 0.000000 0.000000 0.000000 0.000000 1.400000 0.000000 0.000000 0.000000 -1516.000000 0.000000 0 0 0 0 1 1 0 0 1.120000 -5.000000 -20.000000 1.120000 -5.000000 -19.900000 

42.000000 18.000000 42.000000 -18.000000 0.000000 0.000000 0.000000 3.000000 21.000000 0.000000 -3.000000 2465.000000 0.000000 0.164000 0.000000 0.000000 0.000000 0.0000000.000000 0.000000 0.000000 0.000000 0.000000 0.000000 1.400000 0.000000 0.000000 0.000000 -1554.000000 0.000000 0 0 0 0 1 1 0 0 1.120000 -5.000000 -20.000000 1.120000 -5.000000 -19.900000 

42.000000 18.000000 42.000000 -18.000000 0.000000 0.000000 0.000000 3.000000 21.000000 0.000000 -3.000000 2540.000000 0.000000 0.082000 0.000000 0.000000 0.000000 0.0000000.000000 0.000000 0.000000 0.000000 0.000000 0.000000 1.400000 0.000000 0.000000 0.000000 -1604.000000 0.000000 0 0 0 0 1 1 0 0 1.120000 -5.000000 -20.000000 1.120000 -5.000000 -19.900000 

42.000000 18.000000 42.000000 -18.000000 0.000000 0.000000 0.000000 3.000000 21.000000 0.000000 -3.000000 2576.000000 0.000000 0.082000 0.000000 0.000000 0.000000 0.0000000.000000 0.000000 0.000000 0.000000 0.000000 0.000000 1.400000 0.000000 0.000000 0.000000 -1628.000000 0.000000 0 0 0 0 1 1 0 0 1.120000 -5.000000 -20.000000 1.120000 -5.000000 -19.900000 

42.000000 18.000000 42.000000 -18.000000 0.000000 0.000000 0.000000 3.000000 21.000000 0.000000 -3.000000 2624.000000 0.000000 0.123000 0.000000 0.000000 0.000000 0.0000000.000000 0.000000 0.000000 0.000000 0.000000 0.000000 1.400000 0.000000 0.000000 0.000000 -1596.000000 0.000000 0 0 0 0 1 1 0 0 1.120000 -5.000000 -20.000000 1.120000 -5.000000 -19.900000 

42.000000 18.000000 42.000000 -18.000000 0.000000 0.000000 0.000000 3.000000 3.000000 0.000000 -3.000000 2624.000000 0.000000 0.123000 0.000000 0.000000 0.000000 0.0000000.000000 0.000000 0.000000 0.000000 0.000000 0.000000 1.400000 0.000000 0.000000 0.000000 -1596.000000 0.000000 0 0 0 0 1 1 0 0 1.120000 -5.000000 -20.000000 1.120000 -5.000000 -19.900000 

42.000000 18.000000 42.000000 -18.000000 0.000000 0.000000 0.000000 3.000000 3.000000 0.000000 -3.000000 2624.000000 0.000000 0.123000 0.000000 0.000000 0.000000 0.0000000.000000 0.000000 0.000000 0.000000 0.000000 0.000000 1.400000 0.000000 0.000000 0.000000 -1596.000000 0.000000 0 0 0 0 0 1 0 0 0.000000 0.000000 -35.000000 0.000000 -5.000000 0.000000 

42.000000 18.000000 42.000000 -18.000000 0.000000 0.000000 0.000000 3.000000 3.000000 0.000000 -3.000000 2624.000000 0.000000 0.123000 0.000000 0.000000 0.000000 0.0000000.000000 0.000000 0.000000 0.000000 0.000000 0.000000 1.400000 0.000000 0.000000 0.000000 -1596.000000 0.000000 0 0 0 0 0 1 0 0 20.000000 0.000000 -15.000000 0.000000 0.000000 -20.000000 

42.000000 18.000000 42.000000 -18.000000 0.000000 0.000000 0.000000 3.000000 3.000000 0.000000 -3.000000 2624.000000 0.000000 0.123000 0.000000 0.000000 0.000000 0.0000000.000000 0.000000 0.000000 0.000000 0.000000 0.000000 1.400000 0.000000 0.000000 0.000000 -1596.000000 0.000000 0 0 0 0 0 1 0 0 0.000000 10.000000 -25.000000 0.000000 -10.000000 -15.000000 

42.000000 18.000000 42.000000 -18.000000 0.000000 0.000000 0.000000 3.000000 3.000000 0.000000 -3.000000 2624.000000 0.000000 0.123000 0.000000 0.000000 0.000000 0.0000000.000000 0.000000 0.000000 0.000000 0.000000 0.000000 1.400000 0.000000 0.000000 0.000000 -1596.000000 0.000000 0 0 0 0 1 1 0 0 1.120000 -5.000000 -20.000000 1.120000 -5.000000 -19.900000 

42.000000 18.000000 42.000000 -18.000000 0.000000 0.000000 0.000000 3.000000 3.000000 0.000000 -3.000000 2624.000000 0.000000 0.123000 0.000000 0.000000 0.000000 0.0000000.000000 0.000000 0.000000 0.000000 0.000000 0.000000 1.400000 0.000000 0.000000 0.000000 -1596.000000 0.000000 0 0 0 0 0 1 0 0 0.000000 0.000000 3.000000 0.000000 0.000000 0.000000 

42.000000 18.000000 42.000000 -18.000000 0.000000 0.000000 0.000000 3.000000 3.000000 0.000000 -3.000000 2649.000000 0.000000 0.082000 0.000000 0.000000 0.000000 0.0000000.000000 0.000000 0.000000 0.000000 0.000000 0.000000 0.900000 0.000000 0.000000 0.000000 -1596.000000 0.000000 0 0 0 0 0 1 0 0 0.000000 0.000000 3.000000 0.000000 0.000000 0.000000 

42.000000 18.000000 42.000000 -18.000000 0.000000 0.000000 0.000000 3.000000 3.000000 0.000000 -3.000000 2703.000000 0.000000 0.082000 0.000000 0.000000 0.000000 0.0000000.000000 0.000000 0.000000 0.000000 0.000000 0.000000 0.900000 0.000000 0.000000 0.000000 -1624.000000 0.000000 0 0 0 0 0 1 0 0 0.000000 0.000000 3.000000 0.000000 0.000000 0.000000 

42.000000 18.000000 42.000000 -18.000000 0.000000 0.000000 0.000000 3.000000 3.000000 0.000000 0.000000 2973.000000 0.000000 0.041000 0.000000 0.000000 0.000000 0.0000000.000000 0.000000 0.000000 0.000000 0.000000 0.000000 -4.499998 0.000000 0.000000 0.000000 -1624.000000 0.000000 0 0 0 0 0 1 0 0 0.000000 0.000000 3.000000 0.000000 0.000000 0.000000 

42.000000 18.000000 42.000000 -18.000000 0.000000 0.000000 0.000000 3.000000 3.000000 0.000000 0.000000 2979.000000 0.000000 0.123000 0.000000 0.000000 0.000000 0.0000000.000000 0.000000 0.000000 0.000000 0.000000 0.000000 -4.499998 0.000000 0.000000 0.000000 -1620.000000 0.000000 0 0 0 0 0 1 0 0 0.000000 0.000000 3.000000 0.000000 0.000000 0.000000 

42.000000 18.000000 42.000000 -18.000000 0.000000 0.000000 0.000000 3.000000 3.000000 0.000000 0.000000 2979.000000 0.000000 0.123000 0.000000 0.000000 0.000000 0.0000000.000000 0.000000 0.000000 0.000000 0.000000 0.000000 -4.499998 0.000000 0.000000 0.000000 -1620.000000 0.000000 0 0 0 0 1 1 0 0 -3.599998 -5.000000 -20.000000 -3.599998 -5.000000 -19.900000 

42.000000 18.000000 42.000000 -18.000000 0.000000 0.000000 0.000000 3.000000 3.000000 0.000000 0.000000 3309.000000 0.000000 0.082000 0.000000 0.000000 0.000000 0.0000000.000000 0.000000 0.000000 0.000000 0.000000 0.000000 -4.499998 0.000000 -6.599996 0.000000 -1620.000000 0.000000 0 0 0 0 1 1 0 0 -3.599998 -5.000000 -25.279997 -3.599998 -5.000000 -25.179996 

42.000000 18.000000 42.000000 -18.000000 0.000000 0.000000 0.000000 -12.000000 3.000000 0.000000 0.000000 3309.000000 0.000000 0.082000 0.000000 0.000000 0.000000 0.0000000.000000 0.000000 0.000000 0.000000 0.000000 0.000000 -4.499998 0.000000 -6.599996 0.000000 -1620.000000 0.000000 0 0 0 0 1 1 0 0 -3.599998 -5.000000 -25.279997 -3.599998 -5.000000 -25.179996 

42.000000 18.000000 42.000000 -18.000000 0.000000 0.000000 0.000000 -12.000000 3.000000 0.000000 0.000000 3309.000000 0.000000 0.082000 0.000000 0.000000 0.000000 0.0000000.000000 0.000000 0.000000 0.000000 0.000000 0.000000 -4.499998 0.000000 -6.599996 0.000000 -1620.000000 0.000000 0 0 0 0 1 1 0 0 -3.599998 -5.000000 -25.279997 -3.599998 -5.000000 -25.179996 

42.000000 18.000000 42.000000 -18.000000 -0.100000 0.000000 0.000000 -12.000000 3.000000 0.000000 0.000000 3404.000000 0.000000 0.123000 0.000000 0.000000 0.000000 0.0000000.000000 0.000000 0.000000 0.000000 0.000000 0.000000 -4.499998 0.000000 -8.499996 0.000000 -1620.000000 0.000000 0 0 0 0 1 1 0 0 -3.599998 -5.000000 -26.799997 -3.599998 -5.000000 -26.699997 

42.000000 18.000000 42.000000 -18.000000 -0.100000 0.000000 0.000000 -12.000000 3.000000 0.000000 0.000000 3454.000000 0.000000 0.041000 0.000000 0.000000 0.000000 0.0000000.000000 0.000000 0.000000 0.000000 0.000000 0.000000 -4.499998 0.000000 -9.500000 0.000000 -1620.000000 0.000000 0 0 0 0 1 1 0 0 -3.599998 -5.000000 -27.600000 -3.599998 -5.000000 -27.500000 

42.000000 18.000000 42.000000 -18.000000 -0.100000 0.000000 0.000000 -12.000000 3.000000 0.000000 0.000000 3454.000000 0.000000 0.041000 0.000000 0.000000 0.000000 0.0000000.000000 0.000000 0.000000 0.000000 0.000000 0.000000 -4.499998 0.000000 -9.500000 0.000000 -1620.000000 0.000000 0 0 0 0 0 1 0 0 -20.000000 0.000000 -15.000000 0.000000 0.000000 -20.000000 

42.000000 18.000000 42.000000 -18.000000 -0.100000 0.000000 0.000000 -12.000000 3.000000 0.000000 0.000000 3544.000000 0.000000 0.041000 0.000000 0.000000 0.000000 0.0000000.000000 0.000000 0.000000 0.000000 0.000000 0.000000 -4.499998 0.000000 -11.300007 0.000000 -1620.000000 0.000000 0 0 0 0 0 1 0 0 -20.000000 0.000000 -15.000000 0.000000 0.000000 -20.000000 

42.000000 18.000000 42.000000 -18.000000 -0.100000 0.000000 0.000000 -12.000000 3.000000 0.000000 0.000000 3674.000000 0.000000 0.041000 0.000000 0.000000 0.000000 0.0000000.000000 0.000000 0.000000 0.000000 0.000000 0.000000 -4.499998 0.000000 -13.900017 0.000000 -1620.000000 0.000000 0 0 0 0 0 1 0 0 -20.000000 0.000000 -15.000000 0.000000 0.000000 -20.000000 

15.000000 18.000000 -45.000000 -18.000000 -0.100000 0.000000 0.000000 -12.000000 3.000000 0.000000 0.000000 3674.000000 0.000000 0.041000 0.000000 0.000000 0.000000 0.0000000.000000 0.000000 0.000000 0.000000 0.000000 0.000000 -4.499998 0.000000 -13.900017 0.000000 -1620.000000 0.000000 0 0 0 0 0 1 0 0 -20.000000 0.000000 -15.000000 0.000000 0.000000 -20.000000 

15.000000 18.000000 -39.000000 -18.000000 1.800000 1.800000 0.000000 -12.000000 3.000000 0.000000 0.000000 3674.000000 0.000000 0.041000 0.000000 0.000000 0.000000 0.0000000.000000 0.000000 0.000000 0.000000 0.000000 0.000000 -4.499998 0.000000 -13.900017 0.000000 -1620.000000 0.000000 0 0 0 0 0 1 0 0 -20.000000 0.000000 -15.000000 0.000000 0.000000 -20.000000 

15.000000 18.000000 -39.000000 -18.000000 1.800000 1.800000 0.000000 -12.000000 3.000000 0.000000 0.000000 3694.000000 0.000000 0.082000 0.000000 0.000000 0.000000 0.0000000.000000 0.000000 0.000000 0.000000 0.000000 0.000000 -4.499998 0.000000 -14.300018 0.000000 -1620.000000 0.000000 0 0 0 0 0 1 0 0 -20.000000 0.000000 -15.000000 0.000000 0.000000 -20.000000 

33.000000 18.000000 -39.000000 -18.000000 1.800000 1.800000 0.000000 -12.000000 3.000000 0.000000 0.000000 3694.000000 0.000000 0.082000 0.000000 0.000000 0.000000 0.0000000.000000 0.000000 0.000000 0.000000 0.000000 0.000000 -4.499998 0.000000 -14.300018 0.000000 -1620.000000 0.000000 0 0 0 0 0 1 0 0 -20.000000 0.000000 -15.000000 0.000000 0.000000 -20.000000 

33.000000 18.000000 -45.000000 -18.000000 1.800000 1.800000 0.000000 -12.000000 3.000000 0.000000 0.000000 3694.000000 0.000000 0.082000 0.000000 0.000000 0.000000 0.0000000.000000 0.000000 0.000000 0.000000 0.000000 0.000000 -4.499998 0.000000 -14.300018 0.000000 -1620.000000 0.000000 0 0 0 0 0 1 0 0 -20.000000 0.000000 -15.000000 0.000000 0.000000 -20.000000 

33.000000 18.000000 -45.000000 -18.000000 1.800000 1.800000 0.000000 -12.000000 3.000000 0.000000 0.000000 3694.000000 0.000000 0.082000 0.000000 0.000000 0.000000 0.0000000.000000 0.000000 0.000000 0.000000 0.000000 0.000000 -4.499998 0.000000 -14.300018 0.000000 -1620.000000 0.000000 0 0 0 0 1 1 0 0 -3.599998 -5.000000 -31.440014 -3.599998 -5.000000 -31.340015 

33.000000 9.000000 -45.000000 -12.000000 1.800000 1.800000 0.000000 -12.000000 3.000000 0.000000 0.000000 3694.000000 0.000000 0.082000 0.000000 0.000000 0.000000 0.0000000.000000 0.000000 0.000000 0.000000 0.000000 0.000000 -4.499998 0.000000 -14.300018 0.000000 -1620.000000 0.000000 0 0 0 0 1 1 0 0 -3.599998 -5.000000 -31.440014 -3.599998 -5.000000 -31.340015 

33.000000 9.000000 -51.000000 -12.000000 1.800000 1.800000 0.000000 -12.000000 3.000000 0.000000 0.000000 3694.000000 0.000000 0.082000 0.000000 0.000000 0.000000 0.0000000.000000 0.000000 0.000000 0.000000 0.000000 0.000000 -4.499998 0.000000 -14.300018 0.000000 -1620.000000 0.000000 0 0 0 0 1 1 0 0 -3.599998 -5.000000 -31.440014 -3.599998 -5.000000 -31.340015 

33.000000 9.000000 -51.000000 -12.000000 1.800000 1.800000 0.000000 -12.000000 3.000000 0.000000 0.000000 3694.000000 0.000000 0.082000 0.000000 0.000000 0.000000 0.0000000.000000 0.000000 0.000000 0.000000 0.000000 0.000000 -4.499998 0.000000 -14.300018 0.000000 -1620.000000 0.000000 0 0 0 0 0 1 0 0 -20.000000 0.000000 -15.000000 0.000000 0.000000 -20.000000 

33.000000 9.000000 -51.000000 -12.000000 1.800000 1.800000 0.000000 -12.000000 3.000000 0.000000 0.000000 3689.000000 0.000000 0.082000 15.000000 6.000000 30.000000 0.0000000.000000 0.000000 0.000000 0.000000 0.000000 0.000000 -4.399998 0.000000 -14.300018 0.000000 -1620.000000 0.000000 0 0 0 0 1 1 0 0 -3.519998 -5.000000 -31.440014 -3.519998 -5.000000 -31.340015 

33.000000 9.000000 -51.000000 -12.000000 1.800000 1.800000 0.000000 -12.000000 3.000000 0.000000 0.000000 3694.000000 0.000000 0.123000 15.000000 6.000000 30.000000 0.0000000.000000 0.000000 0.000000 0.000000 0.000000 0.000000 -4.399998 0.000000 -14.400019 0.000000 -1620.000000 0.000000 0 0 0 0 1 1 0 0 -3.519998 -5.000000 -31.520016 -3.519998 -5.000000 -31.420015 

33.000000 9.000000 -51.000000 -12.000000 1.800000 1.800000 0.000000 -12.000000 3.000000 0.000000 0.000000 3694.000000 0.000000 0.123000 15.000000 6.000000 30.000000 0.0000000.000000 0.000000 0.000000 0.000000 0.000000 -20.000000 -4.399998 0.000000 -14.400019 0.000000 -1620.000000 0.000000 0 0 0 0 1 1 0 0 -3.519998 -5.000000 -31.520016 -3.519998 -5.000000 -31.420015 

33.000000 9.000000 -51.000000 -12.000000 1.800000 1.800000 0.000000 -12.000000 3.000000 0.000000 0.000000 3694.000000 0.000000 0.123000 15.000000 6.000000 30.000000 0.0000000.000000 0.000000 0.000000 0.000000 0.000000 0.000000 -4.399998 0.000000 -14.400019 0.000000 -1620.000000 0.000000 0 0 0 0 1 1 0 0 -3.519998 -5.000000 -31.520016 -3.519998 -5.000000 -31.420015 

33.000000 9.000000 -51.000000 -12.000000 1.800000 1.800000 0.000000 -12.000000 3.000000 0.000000 0.000000 3694.000000 0.000000 0.123000 15.000000 6.000000 30.000000 0.0000000.000000 0.000000 0.000000 0.000000 0.000000 0.000000 -4.399998 0.000000 -14.400019 0.000000 -1620.000000 0.000000 0 0 0 0 0 1 1 0 0.000000 0.000000 3.000000 0.000000 0.000000 0.000000 

33.000000 9.000000 -51.000000 -12.000000 1.800000 1.800000 0.000000 -12.000000 3.000000 0.000000 0.000000 3694.000000 0.000000 0.123000 15.000000 6.000000 30.000000 0.0000000.000000 0.000000 0.000000 0.000000 0.000000 0.000000 -4.399998 0.000000 -14.400019 0.000000 -1620.000000 0.000000 0 0 0 0 1 1 1 0 -3.519998 -5.000000 -31.520016 -3.519998 -5.000000 -31.420015 

33.000000 9.000000 -51.000000 -12.000000 1.800000 1.800000 0.000000 -12.000000 3.000000 0.000000 0.000000 3694.000000 0.000000 0.123000 15.000000 6.000000 30.000000 0.0000000.000000 0.000000 0.000000 0.000000 0.000000 -20.000000 -4.399998 0.000000 -14.400019 0.000000 -1620.000000 0.000000 0 0 0 0 1 1 1 0 -3.519998 -5.000000 -31.520016 -3.519998 -5.000000 -31.420015 

33.000000 9.000000 -51.000000 -12.000000 1.800000 1.800000 0.000000 -12.000000 3.000000 0.000000 0.000000 3694.000000 0.000000 0.123000 15.000000 6.000000 30.000000 0.0000000.000000 0.000000 0.000000 0.000000 0.000000 0.000000 -4.399998 0.000000 -14.400019 0.000000 -1620.000000 0.000000 0 0 0 0 1 1 1 0 -3.519998 -5.000000 -31.520016 -3.519998 -5.000000 -31.420015 

33.000000 9.000000 -51.000000 -12.000000 1.800000 1.800000 0.000000 -12.000000 3.000000 0.000000 0.000000 3694.000000 0.000000 0.123000 15.000000 6.000000 30.000000 0.0000000.000000 0.000000 0.000000 0.000000 0.000000 0.000000 -4.399998 0.000000 -14.400019 0.000000 -1620.000000 0.000000 0 0 0 0 0 1 0 0 0.000000 0.000000 3.000000 0.000000 0.000000 0.000000 

33.000000 9.000000 -51.000000 -12.000000 1.800000 1.800000 0.000000 -12.000000 3.000000 0.000000 0.000000 3694.000000 0.000000 0.123000 15.000000 6.000000 30.000000 0.0000000.000000 0.000000 0.000000 0.000000 0.000000 0.000000 -4.399998 0.000000 -14.400019 0.000000 -1620.000000 0.000000 0 0 0 0 1 1 0 0 -3.519998 -5.000000 -31.520016 -3.519998 -5.000000 -31.420015 

33.000000 9.000000 -51.000000 -12.000000 1.800000 1.800000 0.000000 -12.000000 3.000000 0.000000 0.000000 3759.000000 0.000000 0.041000 15.000000 6.000000 30.000000 0.0000000.000000 0.000000 0.000000 0.000000 0.000000 0.000000 -5.699996 0.000000 -14.400019 0.000000 -1620.000000 0.000000 0 0 0 0 1 1 0 0 -4.559997 -5.000000 -31.520016 -4.559997 -5.000000 -31.420015 

33.000000 9.000000 -51.000000 -12.000000 1.800000 1.800000 0.000000 -12.000000 3.000000 0.000000 0.000000 3759.000000 0.000000 0.041000 15.000000 6.000000 30.000000 0.0000000.000000 0.000000 0.000000 0.000000 0.000000 -20.000000 -5.699996 0.000000 -14.400019 0.000000 -1620.000000 0.000000 0 0 0 0 1 1 0 0 -4.559997 -5.000000 -31.520016 -4.559997 -5.000000 -31.420015 

33.000000 9.000000 -51.000000 -12.000000 1.800000 1.800000 0.000000 -12.000000 3.000000 0.000000 0.000000 3759.000000 0.000000 0.041000 15.000000 6.000000 30.000000 0.0000000.000000 0.000000 0.000000 0.000000 0.000000 0.000000 -5.699996 0.000000 -14.400019 0.000000 -1620.000000 0.000000 0 0 0 0 1 1 0 0 -4.559997 -5.000000 -31.520016 -4.559997 -5.000000 -31.420015 

33.000000 9.000000 -51.000000 -12.000000 1.800000 1.800000 0.000000 -12.000000 3.000000 0.000000 0.000000 3759.000000 0.000000 0.041000 15.000000 6.000000 30.000000 0.0000000.000000 0.000000 0.000000 0.000000 0.000000 0.000000 -5.699996 0.000000 -14.400019 0.000000 -1620.000000 0.000000 0 0 0 0 0 1 0 1 0.000000 0.000000 3.000000 0.000000 0.000000 0.000000 

33.000000 9.000000 -51.000000 -12.000000 1.800000 1.800000 0.000000 -12.000000 3.000000 0.000000 0.000000 3759.000000 0.000000 0.041000 15.000000 6.000000 30.000000 0.0000000.000000 0.000000 0.000000 0.000000 0.000000 0.000000 -5.699996 0.000000 -14.400019 0.000000 -1620.000000 0.000000 0 0 0 0 1 1 0 1 -4.559997 -5.000000 -31.520016 -4.559997 -5.000000 -31.420015 

33.000000 9.000000 -51.000000 -12.000000 1.800000 1.800000 0.000000 -12.000000 3.000000 0.000000 0.000000 3759.000000 0.000000 0.041000 15.000000 6.000000 30.000000 0.0000000.000000 0.000000 0.000000 0.000000 0.000000 -20.000000 -5.699996 0.000000 -14.400019 0.000000 -1620.000000 0.000000 0 0 0 0 1 1 0 1 -4.559997 -5.000000 -31.520016 -4.559997 -5.000000 -31.420015 

33.000000 9.000000 -51.000000 -12.000000 1.800000 1.800000 0.000000 -12.000000 3.000000 0.000000 0.000000 3759.000000 0.000000 0.041000 15.000000 6.000000 30.000000 0.0000000.000000 0.000000 0.000000 0.000000 0.000000 -20.000000 -5.699996 0.000000 -14.400019 0.000000 -1620.000000 0.000000 0 0 0 0 1 1 0 1 -4.559997 -5.000000 -31.520016 -4.559997 -5.000000 -31.420015 

33.000000 9.000000 -51.000000 -12.000000 1.800000 1.800000 0.000000 -12.000000 3.000000 0.000000 0.000000 3759.000000 0.000000 0.041000 15.000000 6.000000 30.000000 0.0000000.000000 0.000000 0.000000 0.000000 0.000000 0.000000 -5.699996 0.000000 -14.400019 0.000000 -1620.000000 0.000000 0 0 0 0 1 1 0 1 -4.559997 -5.000000 -31.520016 -4.559997 -5.000000 -31.420015 

33.000000 9.000000 -51.000000 -12.000000 1.800000 1.800000 0.000000 -12.000000 3.000000 0.000000 0.000000 3759.000000 0.000000 0.041000 15.000000 6.000000 30.000000 0.0000000.000000 0.000000 0.000000 0.000000 0.000000 0.000000 -5.699996 0.000000 -14.400019 0.000000 -1620.000000 0.000000 0 0 0 0 0 1 0 1 0.000000 0.000000 3.000000 0.000000 0.000000 0.000000 

33.000000 9.000000 -51.000000 -12.000000 1.800000 1.800000 0.000000 -12.000000 3.000000 0.000000 0.000000 3759.000000 0.000000 0.041000 15.000000 6.000000 30.000000 0.0000000.000000 0.000000 0.000000 0.000000 0.000000 0.000000 -5.699996 0.000000 -14.400019 0.000000 -1620.000000 0.000000 0 0 0 0 0 1 0 0 0.000000 0.000000 3.000000 0.000000 0.000000 0.000000 

33.000000 9.000000 -51.000000 -12.000000 1.800000 1.800000 0.000000 -12.000000 3.000000 0.000000 0.000000 3694.000000 0.000000 0.017000 15.000000 6.000000 30.000000 0.0000000.000000 0.000000 0.000000 10.000000 0.000000 0.000000 -4.399998 0.000000 -14.400019 0.000000 -1620.000000 0.000000 0 0 0 1 0 1 0 0 0.000000 0.000000 3.000000 0.000000 0.000000 0.000000 

33.000000 9.000000 -51.000000 -12.000000 1.800000 1.800000 0.000000 -12.000000 3.000000 0.000000 0.000000 3694.000000 0.000000 0.017000 15.000000 6.000000 30.000000 0.0000000.000000 0.000000 0.000000 10.000000 0.000000 0.000000 -4.399998 0.000000 -14.400019 0.000000 -1620.000000 0.000000 0 0 0 1 0 1 0 0 0.000000 0.000000 3.000000 0.000000 0.000000 0.000000 

33.000000 9.000000 -51.000000 -12.000000 1.800000 1.800000 0.000000 -12.000000 3.000000 0.000000 0.000000 3694.000000 0.000000 0.017000 15.000000 6.000000 30.000000 0.0000000.000000 0.000000 0.000000 10.000000 0.000000 0.000000 -4.399998 0.000000 -14.400019 0.000000 -1620.000000 0.000000 0 0 0 1 1 1 0 0 -3.519998 -5.000000 -31.520016 -3.519998 -5.000000 -31.420015 

33.000000 9.000000 -51.000000 -12.000000 1.800000 1.800000 0.000000 -12.000000 3.000000 0.000000 0.000000 3694.000000 0.000000 0.017000 15.000000 6.000000 30.000000 0.0000000.000000 0.000000 0.000000 10.000000 0.000000 -20.000000 -4.399998 0.000000 -14.400019 0.000000 -1620.000000 0.000000 0 0 0 1 1 1 0 0 -3.519998 -5.000000 -31.520016 -3.519998 -5.000000 -31.420015 

33.000000 9.000000 -51.000000 -12.000000 1.800000 1.800000 0.000000 -12.000000 3.000000 0.000000 0.000000 3694.000000 0.000000 0.017000 15.000000 6.000000 30.000000 0.0000000.000000 0.000000 0.000000 10.000000 0.000000 0.000000 -4.399998 0.000000 -14.400019 0.000000 -1620.000000 0.000000 0 0 0 1 1 1 0 0 -3.519998 -5.000000 -31.520016 -3.519998 -5.000000 -31.420015 

33.000000 9.000000 -51.000000 -12.000000 1.800000 1.800000 0.000000 -12.000000 3.000000 0.000000 0.000000 3694.000000 0.000000 0.017000 15.000000 6.000000 30.000000 0.0000000.000000 0.000000 0.000000 10.000000 0.000000 0.000000 -4.399998 0.000000 -14.400019 0.000000 -1620.000000 0.000000 0 0 0 1 0 1 0 0 0.000000 0.000000 3.000000 0.000000 0.000000 0.000000 

33.000000 9.000000 -51.000000 -12.000000 1.800000 1.800000 0.000000 -12.000000 3.000000 0.000000 0.000000 3694.000000 0.000000 0.017000 15.000000 6.000000 30.000000 0.0000000.000000 0.000000 0.000000 10.000000 0.000000 0.000000 -4.399998 0.000000 -14.400019 0.000000 -1620.000000 0.000000 0 0 0 1 0 1 1 0 0.000000 0.000000 3.000000 0.000000 0.000000 0.000000 

33.000000 9.000000 -51.000000 -12.000000 1.800000 1.800000 0.000000 -12.000000 3.000000 0.000000 0.000000 3694.000000 0.000000 0.017000 15.000000 6.000000 30.000000 0.0000000.000000 0.000000 0.000000 10.000000 0.000000 0.000000 -4.399998 0.000000 -14.400019 0.000000 -1620.000000 0.000000 0 0 0 1 1 1 1 0 -3.519998 -5.000000 -31.520016 -3.519998 -5.000000 -31.420015 

33.000000 9.000000 -51.000000 -12.000000 1.800000 1.800000 0.000000 -12.000000 3.000000 0.000000 0.000000 3694.000000 0.000000 0.017000 15.000000 6.000000 30.000000 0.0000000.000000 0.000000 0.000000 10.000000 0.000000 -20.000000 -4.399998 0.000000 -14.400019 0.000000 -1620.000000 0.000000 0 0 0 1 1 1 1 0 -3.519998 -5.000000 -31.520016 -3.519998 -5.000000 -31.420015 

33.000000 9.000000 -51.000000 -12.000000 1.800000 1.800000 0.000000 -12.000000 3.000000 0.000000 0.000000 3694.000000 0.000000 0.017000 15.000000 6.000000 30.000000 0.0000000.000000 0.000000 0.000000 10.000000 0.000000 0.000000 -4.399998 0.000000 -14.400019 0.000000 -1620.000000 0.000000 0 0 0 1 1 1 1 0 -3.519998 -5.000000 -31.520016 -3.519998 -5.000000 -31.420015 

33.000000 9.000000 -51.000000 -12.000000 1.800000 1.800000 0.000000 -12.000000 3.000000 0.000000 0.000000 3694.000000 0.000000 0.017000 15.000000 6.000000 30.000000 0.0000000.000000 0.000000 0.000000 10.000000 0.000000 0.000000 -4.399998 0.000000 -14.400019 0.000000 -1620.000000 0.000000 0 0 0 1 0 1 1 0 0.000000 0.000000 3.000000 0.000000 0.000000 0.000000 

33.000000 9.000000 -51.000000 -12.000000 1.800000 1.800000 0.000000 -12.000000 3.000000 0.000000 0.000000 3694.000000 0.000000 0.017000 15.000000 6.000000 30.000000 0.0000000.000000 0.000000 0.000000 10.000000 0.000000 0.000000 -4.399998 0.000000 -14.400019 0.000000 -1620.000000 0.000000 0 0 0 1 0 1 0 0 0.000000 0.000000 3.000000 0.000000 0.000000 0.000000 

33.000000 9.000000 -51.000000 -12.000000 1.800000 1.800000 0.000000 -12.000000 3.000000 0.000000 0.000000 3754.000000 0.000000 0.041000 15.000000 6.000000 30.000000 0.0000000.000000 0.000000 0.000000 10.000000 0.000000 0.000000 -5.599997 0.000000 -14.400019 0.000000 -1620.000000 0.000000 0 0 0 0 0 1 0 0 0.000000 0.000000 3.000000 0.000000 0.000000 0.000000 

33.000000 9.000000 -51.000000 -12.000000 1.800000 1.800000 0.000000 -12.000000 3.000000 0.000000 0.000000 3754.000000 0.000000 0.041000 15.000000 6.000000 30.000000 0.0000000.000000 0.000000 0.000000 10.000000 0.000000 0.000000 -5.599997 0.000000 -14.400019 0.000000 -1620.000000 0.000000 0 0 0 0 1 1 0 0 -4.479997 -5.000000 -31.520016 -4.479997 -5.000000 -31.420015 

33.000000 9.000000 -51.000000 -12.000000 1.800000 1.800000 0.000000 -12.000000 3.000000 0.000000 0.000000 3754.000000 0.000000 0.041000 15.000000 6.000000 30.000000 0.0000000.000000 0.000000 0.000000 10.000000 0.000000 -20.000000 -5.599997 0.000000 -14.400019 0.000000 -1620.000000 0.000000 0 0 0 0 1 1 0 0 -4.479997 -5.000000 -31.520016 -4.479997 -5.000000 -31.420015 

33.000000 9.000000 -51.000000 -12.000000 1.800000 1.800000 0.000000 -12.000000 3.000000 0.000000 0.000000 3754.000000 0.000000 0.041000 15.000000 6.000000 30.000000 0.0000000.000000 0.000000 0.000000 10.000000 0.000000 0.000000 -5.599997 0.000000 -14.400019 0.000000 -1620.000000 0.000000 0 0 0 0 1 1 0 0 -4.479997 -5.000000 -31.520016 -4.479997 -5.000000 -31.420015 

33.000000 9.000000 -51.000000 -12.000000 1.800000 1.800000 0.000000 -12.000000 3.000000 0.000000 0.000000 3754.000000 0.000000 0.041000 15.000000 6.000000 30.000000 0.0000000.000000 0.000000 0.000000 10.000000 0.000000 0.000000 -5.599997 0.000000 -14.400019 0.000000 -1620.000000 0.000000 0 0 0 0 0 1 0 0 0.000000 0.000000 3.000000 0.000000 0.000000 0.000000 

33.000000 9.000000 -51.000000 -12.000000 1.800000 1.800000 0.000000 -12.000000 3.000000 0.000000 0.000000 3754.000000 0.000000 0.041000 15.000000 6.000000 30.000000 0.0000000.000000 0.000000 0.000000 10.000000 0.000000 0.000000 -5.599997 0.000000 -14.400019 0.000000 -1620.000000 0.000000 0 0 0 0 0 1 0 1 0.000000 0.000000 3.000000 0.000000 0.000000 0.000000 

33.000000 9.000000 -51.000000 -12.000000 1.800000 1.800000 0.000000 -12.000000 3.000000 0.000000 0.000000 3799.000000 -1.800000 0.041000 15.000000 6.000000 30.000000 0.0000000.000000 0.000000 0.000000 10.000000 0.000000 0.000000 -5.599997 0.000000 -14.400019 0.000000 -1620.000000 0.000000 0 0 0 0 0 1 0 1 0.000000 0.000000 3.000000 0.000000 0.000000 0.000000 

33.000000 9.000000 -51.000000 -12.000000 1.800000 1.800000 0.000000 -12.000000 3.000000 0.000000 0.000000 3799.000000 -1.800000 0.041000 15.000000 6.000000 30.000000 0.0000000.000000 0.000000 0.000000 10.000000 0.000000 0.000000 -5.599997 0.000000 -14.400019 0.000000 -1620.000000 0.000000 0 0 0 0 1 1 0 1 -4.479997 -5.000000 -31.520016 -4.479997 -5.000000 -31.420015 

33.000000 9.000000 -51.000000 -12.000000 1.800000 1.800000 0.000000 -12.000000 3.000000 0.000000 0.000000 3799.000000 -1.800000 0.041000 15.000000 6.000000 30.000000 0.0000000.000000 0.000000 0.000000 10.000000 0.000000 0.000000 -5.599997 0.000000 -14.400019 0.000000 -1620.000000 0.000000 0 0 0 0 1 1 0 1 -4.479997 -5.000000 -31.520016 -4.479997 -5.000000 -31.420015 

33.000000 9.000000 -51.000000 -12.000000 1.800000 1.800000 0.000000 -12.000000 3.000000 0.000000 0.000000 3997.000000 -1.800000 0.123000 15.000000 6.000000 30.000000 0.0000000.000000 0.000000 0.000000 10.000000 0.000000 0.000000 -5.599997 0.000000 -14.400019 0.000000 -1752.000000 0.000000 0 0 0 0 0 1 0 1 0.000000 0.000000 3.000000 0.000000 0.000000 0.000000 

33.000000 9.000000 -51.000000 -12.000000 1.800000 1.800000 0.000000 -12.000000 3.000000 0.000000 0.000000 3872.000000 -1.800000 0.017000 15.000000 6.000000 30.000000 0.0000000.000000 0.000000 0.000000 10.000000 0.000000 0.000000 -5.599997 0.000000 -5.899997 0.000000 -1952.000000 0.000000 0 0 0 1 0 1 0 1 0.000000 0.000000 3.000000 0.000000 0.000000 0.000000 

33.000000 9.000000 -51.000000 -12.000000 1.800000 1.800000 0.000000 -12.000000 3.000000 0.000000 0.000000 4310.000000 -1.800000 0.041000 15.000000 6.000000 30.000000 0.0000000.000000 0.000000 0.000000 10.000000 0.000000 0.000000 -5.599997 0.000000 -5.899997 0.000000 -2244.000000 0.000000 0 0 0 0 0 1 0 1 0.000000 0.000000 3.000000 0.000000 0.000000 0.000000 

33.000000 9.000000 -51.000000 -12.000000 1.800000 1.800000 0.000000 -12.000000 3.000000 0.000000 0.000000 4580.000000 -1.800000 0.041000 15.000000 6.000000 30.000000 0.0000000.000000 0.000000 0.000000 10.000000 0.000000 0.000000 -5.599997 0.000000 -5.899997 0.000000 -2424.000000 0.000000 0 0 0 0 0 1 0 1 0.000000 0.000000 3.000000 0.000000 0.000000 0.000000 

33.000000 9.000000 -51.000000 -12.000000 1.800000 1.800000 0.000000 -12.000000 3.000000 0.000000 0.000000 4628.000000 -1.800000 0.041000 15.000000 6.000000 30.000000 0.0000000.000000 0.000000 0.000000 10.000000 0.000000 0.000000 -5.599997 0.000000 -5.899997 0.000000 -2456.000000 0.000000 0 0 0 0 0 1 0 1 0.000000 0.000000 3.000000 0.000000 0.000000 0.000000 

33.000000 9.000000 -51.000000 -12.000000 1.800000 1.800000 0.000000 -12.000000 3.000000 0.000000 0.000000 4634.000000 -1.800000 0.123000 15.000000 6.000000 30.000000 0.0000000.000000 0.000000 0.000000 10.000000 0.000000 0.000000 -5.599997 0.000000 -5.899997 0.000000 -2460.000000 0.000000 0 0 0 0 0 1 0 1 0.000000 0.000000 3.000000 0.000000 0.000000 0.000000 

33.000000 9.000000 -51.000000 -12.000000 -0.100000 -0.100000 0.000000 -12.000000 3.000000 0.000000 0.000000 4634.000000 -1.800000 0.123000 15.000000 6.000000 30.000000 0.0000000.000000 0.000000 0.000000 10.000000 0.000000 0.000000 -5.599997 0.000000 -5.899997 0.000000 -2460.000000 0.000000 0 0 0 0 0 1 0 1 0.000000 0.000000 3.000000 0.000000 0.000000 0.000000 

42.000000 9.000000 42.000000 -12.000000 -0.100000 -0.100000 0.000000 -12.000000 3.000000 0.000000 0.000000 4634.000000 -1.800000 0.123000 15.000000 6.000000 30.000000 0.0000000.000000 0.000000 0.000000 10.000000 0.000000 0.000000 -5.599997 0.000000 -5.899997 0.000000 -2460.000000 0.000000 0 0 0 0 0 1 0 1 0.000000 0.000000 3.000000 0.000000 0.000000 0.000000 

42.000000 9.000000 42.000000 -12.000000 -0.100000 -0.100000 0.000000 -12.000000 3.000000 0.000000 0.000000 4721.000000 -1.800000 0.082000 15.000000 6.000000 30.000000 0.0000000.000000 0.000000 0.000000 10.000000 0.000000 0.000000 -5.599997 0.000000 -5.899997 0.000000 -2518.000000 0.000000 0 0 0 0 0 0 0 1 0.000000 0.000000 3.000000 0.000000 0.000000 0.000000 

42.000000 9.000000 42.000000 -12.000000 -0.100000 -0.100000 0.000000 -12.000000 3.000000 0.000000 0.000000 4586.000000 -1.800000 0.099000 15.000000 6.000000 30.000000 0.0000000.000000 0.000000 0.000000 10.000000 0.000000 0.000000 -2.400000 0.000000 -5.899997 0.000000 -2518.000000 0.000000 0 0 0 1 0 0 0 1 0.000000 0.000000 3.000000 0.000000 0.000000 0.000000 

42.000000 9.000000 42.000000 -12.000000 -0.100000 -0.100000 0.000000 -12.000000 3.000000 0.000000 0.000000 5133.000000 -1.800000 0.082000 15.000000 6.000000 30.000000 0.0000000.000000 0.000000 0.000000 10.000000 0.000000 0.000000 -2.300000 0.000000 -5.899997 0.000000 -2876.000000 0.000000 0 0 0 0 0 0 0 1 0.000000 0.000000 3.000000 0.000000 0.000000 0.000000 

42.000000 9.000000 42.000000 -12.000000 -0.100000 -0.100000 0.000000 -12.000000 3.000000 0.000000 0.000000 4793.000000 -1.800000 0.041000 15.000000 6.000000 30.000000 0.0000000.000000 0.000000 0.000000 10.000000 0.000000 0.000000 -2.200000 0.000000 0.800000 0.000000 -2876.000000 0.000000 0 0 0 1 0 0 0 1 0.000000 0.000000 3.000000 0.000000 0.000000 0.000000 

42.000000 9.000000 42.000000 -12.000000 -0.100000 -0.100000 0.000000 -12.000000 3.000000 0.000000 0.000000 4713.000000 -1.800000 0.140000 15.000000 6.000000 30.000000 0.0000000.000000 0.000000 0.000000 10.000000 0.000000 0.000000 -0.600000 0.000000 0.800000 0.000000 -2876.000000 0.000000 0 0 0 1 0 0 0 1 0.000000 0.000000 3.000000 0.000000 0.000000 0.000000 

42.000000 9.000000 42.000000 -12.000000 -0.100000 -0.100000 0.000000 -12.000000 3.000000 0.000000 0.000000 4770.000000 -1.800000 0.041000 15.000000 6.000000 30.000000 0.0000000.000000 0.000000 0.000000 10.000000 0.000000 0.000000 -0.600000 0.000000 0.800000 0.000000 -2914.000000 0.000000 0 0 0 0 0 0 0 1 0.000000 0.000000 3.000000 0.000000 0.000000 0.000000 

42.000000 9.000000 42.000000 -12.000000 -0.100000 -0.100000 0.000000 -12.000000 3.000000 0.000000 0.000000 5250.000000 -1.800000 0.041000 15.000000 6.000000 30.000000 0.0000000.000000 0.000000 0.000000 10.000000 0.000000 0.000000 -0.600000 0.000000 0.800000 0.000000 -3234.000000 0.000000 0 0 0 0 0 0 0 1 0.000000 0.000000 3.000000 0.000000 0.000000 0.000000 

42.000000 9.000000 42.000000 -12.000000 -0.100000 -0.100000 0.000000 -12.000000 3.000000 0.000000 0.000000 5250.000000 -1.800000 0.041000 15.000000 6.000000 30.000000 0.0000000.000000 0.000000 0.000000 10.000000 0.000000 0.000000 -0.600000 0.000000 0.800000 0.000000 -3234.000000 0.000000 0 0 0 0 0 1 0 1 0.000000 0.000000 3.000000 0.000000 0.000000 0.000000 

42.000000 9.000000 42.000000 -12.000000 -0.100000 -0.100000 0.000000 -12.000000 3.000000 0.000000 0.000000 5439.000000 -1.800000 0.123000 15.000000 6.000000 30.000000 0.0000000.000000 0.000000 0.000000 10.000000 0.000000 0.000000 -0.600000 0.000000 0.800000 0.000000 -3360.000000 0.000000 0 0 0 0 0 1 0 1 0.000000 0.000000 3.000000 0.000000 0.000000 0.000000 

42.000000 9.000000 42.000000 -12.000000 -0.100000 -0.100000 0.000000 -12.000000 3.000000 0.000000 0.000000 5481.000000 -1.800000 0.041000 15.000000 6.000000 30.000000 0.0000000.000000 0.000000 0.000000 10.000000 0.000000 0.000000 -0.600000 0.000000 0.800000 0.000000 -3388.000000 0.000000 0 0 0 0 0 1 0 1 0.000000 0.000000 3.000000 0.000000 0.000000 0.000000 

42.000000 9.000000 42.000000 -12.000000 -0.100000 -0.100000 0.000000 -12.000000 3.000000 0.000000 0.000000 5532.000000 -1.800000 0.123000 15.000000 6.000000 30.000000 0.0000000.000000 0.000000 0.000000 10.000000 0.000000 0.000000 -0.600000 0.000000 0.800000 0.000000 -3422.000000 0.000000 0 0 0 0 0 1 0 1 0.000000 0.000000 3.000000 0.000000 0.000000 0.000000 

42.000000 9.000000 42.000000 -12.000000 -0.100000 -0.100000 0.000000 -12.000000 3.000000 0.000000 0.000000 5589.000000 -1.800000 0.082000 15.000000 6.000000 30.000000 0.0000000.000000 0.000000 0.000000 10.000000 0.000000 0.000000 -0.600000 0.000000 0.800000 0.000000 -3460.000000 0.000000 0 0 0 0 0 1 0 1 0.000000 0.000000 3.000000 0.000000 0.000000 0.000000 

42.000000 9.000000 42.000000 -12.000000 -0.100000 -0.100000 0.000000 -12.000000 3.000000 0.000000 0.000000 5643.000000 -1.800000 0.082000 15.000000 6.000000 30.000000 0.0000000.000000 0.000000 0.000000 10.000000 0.000000 0.000000 -0.600000 0.000000 0.800000 0.000000 -3496.000000 0.000000 0 0 0 0 0 1 0 1 0.000000 0.000000 3.000000 0.000000 0.000000 0.000000 

42.000000 9.000000 42.000000 -12.000000 -0.100000 -0.100000 0.000000 -12.000000 3.000000 0.000000 0.000000 5685.000000 -1.800000 0.041000 15.000000 6.000000 30.000000 0.0000000.000000 0.000000 0.000000 10.000000 0.000000 0.000000 -0.600000 0.000000 0.800000 0.000000 -3524.000000 0.000000 0 0 0 0 0 1 0 1 0.000000 0.000000 3.000000 0.000000 0.000000 0.000000 

42.000000 9.000000 42.000000 -12.000000 -0.100000 -0.100000 0.000000 -12.000000 3.000000 0.000000 0.000000 5736.000000 -1.800000 0.082000 15.000000 6.000000 30.000000 0.0000000.000000 0.000000 0.000000 10.000000 0.000000 0.000000 -0.600000 0.000000 0.800000 0.000000 -3558.000000 0.000000 0 0 0 0 0 1 0 1 0.000000 0.000000 3.000000 0.000000 0.000000 0.000000 

42.000000 9.000000 42.000000 -12.000000 -0.100000 -0.100000 0.000000 -12.000000 3.000000 0.000000 0.000000 5796.000000 -1.800000 0.123000 15.000000 6.000000 30.000000 0.0000000.000000 0.000000 0.000000 10.000000 0.000000 0.000000 -0.600000 0.000000 0.800000 0.000000 -3598.000000 0.000000 0 0 0 0 0 1 0 1 0.000000 0.000000 3.000000 0.000000 0.000000 0.000000 

42.000000 9.000000 42.000000 -12.000000 -0.100000 -0.100000 0.000000 -12.000000 3.000000 0.000000 0.000000 5829.000000 -1.800000 0.041000 15.000000 6.000000 30.000000 0.0000000.000000 0.000000 0.000000 10.000000 0.000000 0.000000 -0.600000 0.000000 0.800000 0.000000 -3620.000000 0.000000 0 0 0 0 1 1 0 1 -0.480000 -5.000000 -19.360001 -0.480000 -5.000000 -19.260000 

42.000000 9.000000 42.000000 -12.000000 -0.100000 -0.100000 0.000000 -12.000000 3.000000 0.000000 0.000000 5901.000000 -1.800000 0.041000 15.000000 6.000000 30.000000 0.0000000.000000 0.000000 0.000000 10.000000 0.000000 0.000000 -0.600000 0.000000 0.800000 0.000000 -3668.000000 0.000000 0 0 0 0 1 1 0 1 -0.480000 -5.000000 -19.360001 -0.480000 -5.000000 -19.260000 

42.000000 9.000000 42.000000 -12.000000 -0.100000 -0.100000 0.000000 -12.000000 3.000000 0.000000 0.000000 5940.000000 -1.800000 0.164000 15.000000 6.000000 30.000000 0.0000000.000000 0.000000 0.000000 10.000000 0.000000 0.000000 -0.600000 0.000000 0.800000 0.000000 -3694.000000 0.000000 0 0 0 0 1 1 0 1 -0.480000 -5.000000 -19.360001 -0.480000 -5.000000 -19.260000 

42.000000 9.000000 42.000000 -12.000000 -0.100000 -0.100000 0.000000 -12.000000 3.000000 0.000000 0.000000 5994.000000 -1.800000 0.082000 15.000000 6.000000 30.000000 0.0000000.000000 0.000000 0.000000 10.000000 0.000000 0.000000 -0.600000 0.000000 0.800000 0.000000 -3730.000000 0.000000 0 0 0 0 1 1 0 1 -0.480000 -5.000000 -19.360001 -0.480000 -5.000000 -19.260000 

42.000000 9.000000 42.000000 -12.000000 -0.100000 -0.100000 0.000000 -12.000000 3.000000 0.000000 0.000000 6051.000000 -1.800000 0.041000 15.000000 6.000000 30.000000 0.0000000.000000 0.000000 0.000000 10.000000 0.000000 0.000000 -0.600000 0.000000 0.800000 0.000000 -3768.000000 0.000000 0 0 0 0 1 1 0 1 -0.480000 -5.000000 -19.360001 -0.480000 -5.000000 -19.260000 

42.000000 9.000000 42.000000 -12.000000 -0.100000 -0.100000 0.000000 -12.000000 3.000000 0.000000 0.000000 6105.000000 -1.800000 0.041000 15.000000 6.000000 30.000000 0.0000000.000000 0.000000 0.000000 10.000000 0.000000 0.000000 -0.600000 0.000000 0.800000 0.000000 -3804.000000 0.000000 0 0 0 0 1 1 0 1 -0.480000 -5.000000 -19.360001 -0.480000 -5.000000 -19.260000 

42.000000 9.000000 42.000000 -12.000000 -0.100000 -0.100000 0.000000 -12.000000 3.000000 0.000000 0.000000 6159.000000 -1.800000 0.082000 15.000000 6.000000 30.000000 0.0000000.000000 0.000000 0.000000 10.000000 0.000000 0.000000 -0.600000 0.000000 0.800000 0.000000 -3840.000000 0.000000 0 0 0 0 1 1 0 1 -0.480000 -5.000000 -19.360001 -0.480000 -5.000000 -19.260000 

42.000000 9.000000 42.000000 -12.000000 -0.100000 -0.100000 0.000000 -12.000000 3.000000 0.000000 0.000000 6222.000000 -1.800000 0.041000 15.000000 6.000000 30.000000 0.0000000.000000 0.000000 0.000000 10.000000 0.000000 0.000000 -0.600000 0.000000 0.800000 0.000000 -3882.000000 0.000000 0 0 0 0 1 1 0 1 -0.480000 -5.000000 -19.360001 -0.480000 -5.000000 -19.260000 

42.000000 9.000000 42.000000 -12.000000 -0.100000 -0.100000 0.000000 -12.000000 3.000000 0.000000 0.000000 6279.000000 -1.800000 0.123000 15.000000 6.000000 30.000000 0.0000000.000000 0.000000 0.000000 10.000000 0.000000 0.000000 -0.600000 0.000000 0.800000 0.000000 -3920.000000 0.000000 0 0 0 0 1 1 0 1 -0.480000 -5.000000 -19.360001 -0.480000 -5.000000 -19.260000 

42.000000 9.000000 42.000000 -12.000000 -0.100000 -0.100000 0.000000 -12.000000 3.000000 0.000000 0.000000 6438.000000 -1.800000 0.164000 15.000000 6.000000 30.000000 0.0000000.000000 0.000000 0.000000 10.000000 0.000000 0.000000 -0.600000 0.000000 0.800000 0.000000 -4026.000000 0.000000 0 0 0 0 1 1 0 1 -0.480000 -5.000000 -19.360001 -0.480000 -5.000000 -19.260000 

42.000000 9.000000 42.000000 -12.000000 -0.100000 -0.100000 0.000000 -12.000000 3.000000 0.000000 0.000000 6471.000000 -1.800000 0.123000 15.000000 6.000000 30.000000 0.0000000.000000 0.000000 0.000000 10.000000 0.000000 0.000000 -0.600000 0.000000 0.800000 0.000000 -4048.000000 0.000000 0 0 0 0 1 1 0 1 -0.480000 -5.000000 -19.360001 -0.480000 -5.000000 -19.260000 

42.000000 9.000000 42.000000 -12.000000 -0.100000 -0.100000 0.000000 -12.000000 21.000000 0.000000 0.000000 6471.000000 -1.800000 0.123000 15.000000 6.000000 30.000000 0.0000000.000000 0.000000 0.000000 10.000000 0.000000 0.000000 -0.600000 0.000000 0.800000 0.000000 -4048.000000 0.000000 0 0 0 0 1 1 0 1 -0.480000 -5.000000 -19.360001 -0.480000 -5.000000 -19.260000 

42.000000 9.000000 42.000000 -12.000000 -0.100000 -0.100000 0.000000 -6.000000 21.000000 0.000000 0.000000 6471.000000 -1.800000 0.123000 15.000000 6.000000 30.000000 0.0000000.000000 0.000000 0.000000 10.000000 0.000000 0.000000 -0.600000 0.000000 0.800000 0.000000 -4048.000000 0.000000 0 0 0 0 1 1 0 1 -0.480000 -5.000000 -19.360001 -0.480000 -5.000000 -19.260000 

42.000000 9.000000 42.000000 -12.000000 -0.100000 -0.100000 0.000000 -21.000000 21.000000 0.000000 0.000000 6471.000000 -1.800000 0.123000 15.000000 6.000000 30.000000 0.0000000.000000 0.000000 0.000000 10.000000 0.000000 0.000000 -0.600000 0.000000 0.800000 0.000000 -4048.000000 0.000000 0 0 0 0 1 1 0 1 -0.480000 -5.000000 -19.360001 -0.480000 -5.000000 -19.260000 

42.000000 9.000000 42.000000 -12.000000 -0.100000 -0.100000 0.000000 -21.000000 21.000000 0.000000 0.000000 6471.000000 -1.800000 0.123000 15.000000 6.000000 30.000000 0.0000000.000000 0.000000 0.000000 10.000000 0.000000 0.000000 -0.600000 0.000000 0.800000 0.000000 -4048.000000 0.000000 0 0 0 0 0 1 0 1 0.000000 0.000000 3.000000 0.000000 0.000000 0.000000 

42.000000 9.000000 42.000000 -12.000000 -0.100000 -0.100000 0.000000 -21.000000 21.000000 0.000000 0.000000 6621.000000 -1.800000 0.082000 15.000000 6.000000 30.000000 0.0000000.000000 0.000000 0.000000 10.000000 0.000000 0.000000 -0.600000 0.000000 0.800000 0.000000 -3952.000000 0.000000 0 0 0 0 0 1 0 1 0.000000 0.000000 3.000000 0.000000 0.000000 0.000000 

42.000000 9.000000 42.000000 -12.000000 -0.100000 -0.100000 0.000000 -21.000000 21.000000 0.000000 0.000000 6621.000000 -1.800000 0.082000 15.000000 6.000000 30.000000 0.0000000.000000 0.000000 0.000000 10.000000 0.000000 0.000000 -0.600000 0.000000 0.800000 0.000000 -3952.000000 0.000000 0 0 0 0 0 0 0 1 0.000000 0.000000 3.000000 0.000000 0.000000 0.000000 

-63.000000 9.000000 -63.000000 -12.000000 -0.100000 -0.100000 0.000000 -21.000000 21.000000 0.000000 0.000000 6621.000000 -1.800000 0.082000 15.000000 6.000000 30.000000 0.0000000.000000 0.000000 0.000000 10.000000 0.000000 0.000000 -0.600000 0.000000 0.800000 0.000000 -3952.000000 0.000000 0 0 0 0 0 0 0 1 0.000000 0.000000 3.000000 0.000000 0.000000 0.000000 

-63.000000 -18.000000 -63.000000 15.000000 -0.100000 -0.100000 0.000000 -21.000000 21.000000 0.000000 0.000000 6621.000000 -1.800000 0.082000 15.000000 6.000000 30.000000 0.0000000.000000 0.000000 0.000000 10.000000 0.000000 0.000000 -0.600000 0.000000 0.800000 0.000000 -3952.000000 0.000000 0 0 0 0 0 0 0 1 0.000000 0.000000 3.000000 0.000000 0.000000 0.000000 

-63.000000 18.000000 -63.000000 -18.000000 -0.100000 -0.100000 0.000000 -21.000000 21.000000 0.000000 0.000000 6621.000000 -1.800000 0.082000 15.000000 6.000000 30.000000 0.0000000.000000 0.000000 0.000000 10.000000 0.000000 0.000000 -0.600000 0.000000 0.800000 0.000000 -3952.000000 0.000000 0 0 0 0 0 0 0 1 0.000000 0.000000 3.000000 0.000000 0.000000 0.000000 

-63.000000 -12.000000 -63.000000 6.000000 -0.100000 -0.100000 0.000000 -21.000000 21.000000 0.000000 0.000000 6621.000000 -1.800000 0.082000 15.000000 6.000000 30.000000 0.0000000.000000 0.000000 0.000000 10.000000 0.000000 0.000000 -0.600000 0.000000 0.800000 0.000000 -3952.000000 0.000000 0 0 0 0 0 0 0 1 0.000000 0.000000 3.000000 0.000000 0.000000 0.000000 

-63.000000 18.000000 -63.000000 -18.000000 -0.100000 -0.100000 0.000000 -21.000000 21.000000 0.000000 0.000000 6621.000000 -1.800000 0.082000 15.000000 6.000000 30.000000 0.0000000.000000 0.000000 0.000000 10.000000 0.000000 0.000000 -0.600000 0.000000 0.800000 0.000000 -3952.000000 0.000000 0 0 0 0 0 0 0 1 0.000000 0.000000 3.000000 0.000000 0.000000 0.000000 

42.000000 18.000000 42.000000 -18.000000 -0.100000 -0.100000 0.000000 -21.000000 21.000000 0.000000 0.000000 6621.000000 -1.800000 0.082000 15.000000 6.000000 30.000000 0.0000000.000000 0.000000 0.000000 10.000000 0.000000 0.000000 -0.600000 0.000000 0.800000 0.000000 -3952.000000 0.000000 0 0 0 0 0 0 0 1 0.000000 0.000000 3.000000 0.000000 0.000000 0.000000 

42.000000 18.000000 42.000000 -18.000000 -0.100000 -0.100000 0.000000 48.000000 21.000000 0.000000 0.000000 6621.000000 -1.800000 0.082000 15.000000 6.000000 30.000000 0.0000000.000000 0.000000 0.000000 10.000000 0.000000 0.000000 -0.600000 0.000000 0.800000 0.000000 -3952.000000 0.000000 0 0 0 0 0 0 0 1 0.000000 0.000000 3.000000 0.000000 0.000000 0.000000 

42.000000 18.000000 42.000000 -18.000000 -0.100000 -0.100000 0.000000 48.000000 21.000000 0.000000 0.000000 6621.000000 -1.800000 0.082000 15.000000 6.000000 30.000000 0.0000000.000000 0.000000 0.000000 10.000000 0.000000 0.000000 -0.600000 0.000000 0.800000 0.000000 -3952.000000 0.000000 0 0 0 0 0 1 0 1 0.000000 0.000000 3.000000 0.000000 0.000000 0.000000 

42.000000 18.000000 42.000000 -18.000000 -0.100000 -0.100000 0.000000 3.000000 21.000000 0.000000 0.000000 6621.000000 -1.800000 0.082000 15.000000 6.000000 30.000000 0.0000000.000000 0.000000 0.000000 10.000000 0.000000 0.000000 -0.600000 0.000000 0.800000 0.000000 -3952.000000 0.000000 0 0 0 0 0 1 0 1 0.000000 0.000000 3.000000 0.000000 0.000000 0.000000 

42.000000 18.000000 42.000000 -18.000000 -0.100000 -0.100000 51.000000 3.000000 21.000000 0.000000 0.000000 6621.000000 -1.800000 0.082000 15.000000 6.000000 30.000000 0.0000000.000000 0.000000 0.000000 10.000000 0.000000 0.000000 -0.600000 0.000000 0.800000 0.000000 -3952.000000 0.000000 0 0 0 0 0 1 0 1 0.000000 0.000000 3.000000 0.000000 0.000000 0.000000 

42.000000 18.000000 42.000000 -18.000000 -0.100000 -0.100000 -3.000000 3.000000 21.000000 0.000000 0.000000 6621.000000 -1.800000 0.082000 15.000000 6.000000 30.000000 0.0000000.000000 0.000000 0.000000 10.000000 0.000000 0.000000 -0.600000 0.000000 0.800000 0.000000 -3952.000000 0.000000 0 0 0 0 0 1 0 1 0.000000 0.000000 3.000000 0.000000 0.000000 0.000000 

42.000000 18.000000 42.000000 -18.000000 -0.100000 -0.100000 -3.000000 -15.000000 21.000000 0.000000 0.000000 6621.000000 -1.800000 0.082000 15.000000 6.000000 30.000000 0.0000000.000000 0.000000 0.000000 10.000000 0.000000 0.000000 -0.600000 0.000000 0.800000 0.000000 -3952.000000 0.000000 0 0 0 0 0 0 0 1 0.000000 0.000000 3.000000 0.000000 0.000000 0.000000 

